11.461184630444535	-0.07437162033566193	-0.014032973993809192	53.828614544560935	12.046387818926322	42.49039470067161	out0000
11.073197964509436	-0.06809991362827121	-0.9711048750224441	56.88478541188125	11.89906241991907	38.307977233492956	out0001
11.842909107396553	0.07735844482759434	0.4116293809843088	54.01164734528507	12.646675218850667	41.719397113049844	out0002
11.130419386911765	-0.14979762053979476	-0.5573713791946204	54.52487430796595	11.697715124910047	41.39001761676292	out0003
11.167821698894343	-0.14735481485248358	-0.6323188513360435	54.61990702592089	11.762928884849673	41.09194820485729	out0004
11.624463790217343	-0.09387485174021472	-0.15924081738221277	53.64241118906815	12.04147948655924	42.03195891199729	out0005
11.086048941888693	-0.09521227308386879	-1.1375497334144389	55.99529300238302	12.081044219650353	38.8107404732611	out0006
11.300474480311482	-0.10579528188174457	-1.4504926233118287	56.705984524403775	12.141046200501092	37.51606393270125	out0007
11.505021066098017	-0.14064636171204292	-0.6210920297950663	54.19939590072837	12.18427073957245	40.87755148079386	out0008
11.188847658252284	-0.11071665990966213	-1.1883289598797417	55.704199863893855	12.293369535930012	38.72451492873742	out0009
11.507739896877158	-0.09426368387105008	-1.1292858306106397	54.853537822028535	12.34406261583125	39.7317172043853	out0010
11.339081597641357	-0.06076699330640759	-1.6383769795759842	55.97039762022033	12.512712351790816	38.025515134302594	out0011
11.686414994369574	-0.10723292139215992	-1.0416103453806256	54.50775918835531	12.637287409790593	39.87493594174837	out0012
11.942648421258877	-0.340764608481084	-1.6330892819821567	54.411566459304204	13.746495689856387	39.455356446218936	out0013
11.26754718280109	-0.07584717877042714	-2.040361678272242	56.0221674386372	12.795266072560784	37.565226931868416	out0014
11.749239240592601	-0.3642322914827807	-1.9249354641721927	54.69568987174952	13.81559758093077	38.886191263432956	out0015
11.756020596306538	-0.06225761534058724	-1.6018803266654147	54.72240875013662	13.189949487565809	39.01754045220392	out0016
11.071699666339446	-0.2522845081877476	-2.4540393921156776	55.692210320107904	13.384118476235832	37.65598604420177	out0017
11.319702700193414	-0.3690628883964861	-2.4027522102153034	55.000088213073994	13.912603782098474	38.36312196447446	out0018
11.511550939370322	-0.41799723836649005	-2.3720967739500174	54.49666561599427	14.22526086009158	38.902244332221606	out0019
10.815057176195277	-0.25643563985646656	-2.8307732682445526	55.68104034187437	13.657257574548412	37.59286609811182	out0020
10.826348293350716	-0.22764780700646958	-2.9036794854699712	55.77531406843549	13.689451494196376	37.406548684862074	out0021
10.604971191388557	-0.23402510796707127	-3.1054310832751932	55.73005983244014	13.84041868974107	37.52520323038811	out0022
11.309506621620354	-0.4864222669354941	-2.7870720173488657	54.26500635083229	14.80747507477223	39.12998466052527	out0023
10.604912115102852	-0.4028258520839689	-3.2353025788633314	55.104776812248076	14.5331173491579	38.236747093497435	out0024
10.377519290626426	-0.19361302687549048	-3.480431366524069	55.70709877345444	14.26556924341563	37.61878265033659	out0025
10.213111370964612	-0.2560821513845505	-3.638499158319567	55.646570307761074	14.453271725864807	37.77112317058026	out0026
9.779387569520003	-0.226466346934083	-3.939153340704913	55.67013746357898	14.521803279044498	37.98404404389499	out0027
10.710002324578427	-0.5584503623084642	-3.5125377193120233	54.3769361138141	15.594474954919036	39.36927537894696	out0028
9.712519232965349	-0.3736761711369616	-4.125171155640321	55.46951318258543	15.114939188628343	38.418520424601475	out0029
9.654711858022353	-0.28829658619461224	-4.286575000698957	55.67403877722981	15.206829616167862	38.24167241498486	out0030
11.586212187877862	-0.5978234432255457	-3.2119967277536854	53.516863221579875	16.4700104632382	40.51469150375323	out0031
10.870826730783323	0.06569037476109674	-3.9536433117472374	54.99892176625671	16.290468497133237	38.964756206152	out0032
9.628070812769232	-0.6044515129311647	-4.475092163554131	54.790179953542264	16.438798602795778	39.73572619946368	out0033
11.889465936355483	-0.47768818404083535	-3.0699967210137418	53.25356284738182	17.39425283834864	41.25413843095977	out0034
13.788655115829554	-0.3351220496050696	-1.1197145059328593	52.85056335523747	18.271211620576334	41.22958608109228	out0035
10.081802347836392	-0.6285300584433817	-4.425363259895932	54.11175626651255	17.545175124634206	41.11339649200267	out0036
13.904968566877843	-0.26861770374171506	-0.7997771162578389	53.179765075656846	19.213700501203345	41.07903004521598	out0037
7.83348964012457	-0.34777836629137854	-5.890643545710297	55.94198696925644	16.902928669640016	39.937203559916874	out0038
11.534141241649527	-0.6661603146203179	-3.8829715856761657	53.87366201082869	18.92879420282831	41.66788767904843	out0039
7.5112078924973344	-0.6386751583986203	-6.0820420795549754	55.29368786570126	17.83187414015903	41.456812554433256	out0040
11.205081696167115	-0.7021752211239466	-4.28286720521448	54.1728580716751	19.591099324508217	41.99988377457031	out0041
8.004569958959143	-0.7377761879929443	-6.111409145344708	55.17790452077455	18.864218310473035	42.09004356574953	out0042
10.486278218091005	-0.7997968473469148	-4.998404350504532	54.716460178408724	20.157004300860706	42.32075439726627	out0043
6.535560905171101	-0.37441374559901175	-7.228259094882652	56.52647106711066	18.595107725061194	41.76228629785912	out0044
14.416561214189429	-0.18934749295183492	0.6164164317866048	55.0683765346566	23.179514167683134	40.71387943709863	out0045
6.097351444797738	-0.7288566743519258	-7.490775152830601	56.018899543219504	19.5690655447918	43.39288953614271	out0046
11.670540781696584	-0.7291723937420704	-4.5405265142082705	55.16986758263118	22.441370085654846	43.07737372569585	out0047
10.791906146412005	-0.8030508823147164	-5.299987252036088	55.51979143418248	22.57776443032263	43.51858749977153	out0048
13.531071339836041	-0.6000440584320293	-2.891256382364433	55.57790444822741	24.44825194713738	42.6747128024405	out0049
12.917324850920904	-0.6663509945553538	-3.6809796970189015	55.884585004831145	24.678675770173182	43.14741079502543	out0050
11.510477946697563	-0.6971986432625107	-4.973416569644813	56.21812583237434	24.647110648314317	43.92465066607699	out0051
14.232410446448625	-0.23923820481599328	-1.1631892281938618	56.976202855586145	27.19051441008839	41.78968562159533	out0052
6.013693983773719	-0.9754690916818661	-8.664687565479396	57.052366234643806	23.209244544600175	46.000466719128646	out0053
13.497047147249308	-0.6071877899593454	-3.2290413796512767	57.27049312638951	27.61096467967719	43.358223394329166	out0054
14.70088485932039	-0.38182581322880016	-0.43856611650221305	58.04838331738385	29.220314663580297	42.12707415350023	out0055
14.82290015839619	-0.3145198159749401	0.9001982555437358	58.65243986651309	30.038149267146565	41.900244702142224	out0056
8.154333487014602	-0.8271136339692094	-8.09870047538504	58.06837798652557	26.860622805692692	46.95329006728137	out0057
14.599585607636016	-0.14583783957857446	0.1680668966801533	59.719693873857885	31.76040245510171	41.990974729166496	out0058
14.573964310828012	-0.0965666614062405	1.5427064460523692	60.40835625298535	32.5298320980975	41.88507379867498	out0059
14.66044785726747	-0.24899081997824168	0.061536546770166706	60.606535908385624	33.33263110984898	42.587843780002494	out0060
14.50957464262524	-0.39279156905592416	-1.0442597109482028	60.92419801615587	34.00439759433108	43.321360057865185	out0061
14.373356257822248	-0.007659489311858598	2.1761614807783025	62.232894125779225	35.10171382247287	42.35387333363206	out0062
13.918558181012099	-0.5518431112460687	-2.832586000576699	61.83221187013195	35.36718660451	44.673538623664044	out0063
13.377627730624587	-0.5398827805634904	-3.842429073235322	62.39185792910814	36.11162748916832	45.354490542525525	out0064
14.347170068107195	-0.04114382760686427	2.4621634645256716	64.05052963201773	37.91973869196587	43.37014574594884	out0065
14.327226015662085	-0.0034897857533966025	2.2441584645587973	64.80754022350827	39.01236256167146	43.58744688580679	out0066
12.163273261845692	-0.5264510836261711	-5.804267407469059	64.30308879295296	38.70892760672799	47.176171295603616	out0067
14.177678287302115	-0.3369009562141978	-1.3621187774540775	65.69377463278288	41.07067051528509	45.34248240325619	out0068
14.124098623076646	-0.33483814619687596	-1.280895530031825	66.49840626955883	42.2595128049371	45.700006656952276	out0069
14.170161682769265	-0.1345703145626028	1.7282198592036295	67.62969299496271	43.5824204862745	45.445557061751344	out0070
13.8947134254403	-0.23216108194588828	-0.9040840313599711	68.24063828869741	44.857647699082634	46.31337774170189	out0071
12.689907519629733	-0.3675898080339734	-4.469107652032584	68.6914820306243	45.62572153927604	48.03517518899725	out0072
13.120998165504007	-0.3224257122834058	-2.8170726211223482	69.77665176538191	47.36128115737627	47.929194931044485	out0073
12.07888098189203	-0.48625273443098116	-5.347114322114364	70.34220262272953	48.261754441841966	49.529924466033194	out0074
11.79686643795761	-0.3027165192804718	-5.315367240369466	71.38976670402562	49.984347969310754	49.79802349507357	out0075
12.602726476130758	-0.17752153450784702	-0.9420526244299358	72.78960266829263	52.17613660021409	49.166730539217816	out0076
12.147302128596039	-0.05691907770157937	-1.1468799401182903	73.88787313088683	53.90403203002733	49.759370114724454	out0077
11.75757192191156	-0.12002381261148926	-1.1466410097170565	74.82237895174076	55.61593111171243	50.655493632820864	out0078
10.973168039388227	-0.1957670172705439	-3.0930951958891892	75.71124034575975	57.29987944542079	51.89973256850207	out0079
10.14854271727802	-0.17139217847085153	-4.568839934925854	76.69068776457888	59.062542258154664	53.007717078387735	out0080
10.357267378088979	0.002121147114865005	0.30193271128826377	78.21301275896172	61.330031824559796	53.10190576743746	out0081
9.532786609750824	-0.13618238926594584	-2.6789255937430183	79.23241784444917	63.24110934930334	54.56768529500631	out0082
9.00326391188886	-0.08618677721947225	-2.349398834069932	80.65869382376773	65.42723463159498	55.55994781996518	out0083
7.870875195291609	-0.26805566752060317	-5.514421287475889	81.92987276458457	67.46350431488614	57.39006635727698	out0084
7.825523208672572	-0.10578933254001348	-0.6096444037987955	83.94597096496834	70.34241526291262	58.08818771262491	out0085
6.9448690752966655	0.02224550731885838	-1.808215352854022	85.93253767973093	73.0988078596613	59.535285335062504	out0086
5.349960282424718	-0.12178553470252372	-7.9596669136140195	87.60443357655782	75.55479204254317	62.01538615634306	out0087
5.589686642025442	0.2604054763437264	-1.308007076761808	90.45965722920981	79.14425856089333	62.933331008613266	out0088
4.545516899344967	0.43956631398147705	-4.694887747405523	93.0231469811094	82.39628659645595	64.87063394671364	out0089
3.787155883602521	0.4278775917189885	-5.384988470097225	95.85855515691938	85.94624238614612	67.09445695668173	out0090
2.962755127752101	1.024601748141107	-6.610644769476465	99.63251085639884	89.64186196188	68.40421038924794	out0091
2.912426438716991	1.2479601928814814	1.9008646584668103	103.87313354726885	93.74851370978249	69.84486780572738	out0092
-3.588092056288313	1.3391142823471485	-31.013260821150386	104.01089058842453	95.15116642387837	75.12191760940264	out0093
-3.9347243563352343	0.3809806098318394	-39.05327904217238	107.6880350451488	96.65883661304102	79.49136821127168	out0094
0.8417566861222731	0.4470807542403972	-12.521198782744946	116.35155946152165	106.85596422283093	79.54098356858724	out0095
0.291365275760805	0.3477762268773687	-3.8973061764511407	122.68420003471519	112.91926207648602	81.59288349603055	out0096
-0.39862374767884196	0.4865682704663786	-11.035802418067274	129.37016717482032	118.54429857438227	84.32899218543974	out0097
-0.822702023558396	0.2782427321395207	-8.372423006980572	137.1948530256998	125.70142355726988	86.56684703577538	out0098
-1.08359123524534	-0.033593967361781045	-6.754624720281696	146.70512916365493	133.42654592896713	88.84651761341448	out0099
-0.19017765576356546	0.313762259792721	-4.885392228722241	157.2925930086766	141.8200454388991	92.3137371266512	out0100
3.2263508650253394	0.571902556315185	-3.0573693793776755	170.09813193222024	150.0657705549265	95.9523241127166	out0101
6.59370506551431	1.4715714718454296	-2.359875764766806	186.4582579199892	161.73497752687732	99.30228420983052	out0102
10.250122418344109	2.0849037462371856	-2.61011695497719	206.86027785805166	178.65798177808216	103.11642417900676	out0103
15.503893245942955	2.2767485082136205	-0.8595953571033085	233.72293133481682	201.86900941587905	106.43204435254744	out0104
18.765947925321107	2.715883417403899	-0.8043098253819597	269.33506710191335	235.65938180100352	110.31036838759857	out0105
9.073434975791992	3.4727797210647307	2.863543470821069	319.1342019268546	291.6354160607384	116.04533768270328	out0106
21.19854438208625	9.706203574718892	22.319326263642083	406.23916297468566	382.63214101280863	118.29764299439236	out0107
0.611216112811184	24.04526165053145	22.0011992848898	431.9961532726786	418.28665402310816	142.0984463991175	out0108
-46.48665033909216	26.62411706605809	20.233325648636917	279.5800853709697	253.13069164789607	180.47218734033152	out0109
-166.31745380876788	8.944471191510154	-63.823578957049705	348.89026421039273	289.82775458045927	234.68487382854264	out0110
-169.03695774496774	14.070584862457029	81.948175834856	477.52874613691637	454.20583188864094	238.73251013417388	out0111
303.260557471182	-19.04332279401234	155.6952377752006	282.663462015447	418.98762117503964	236.95297273049854	out0112
47.25158352909385	-3.969493158467446	-24.37319660938476	436.71154144153934	474.10656217226176	188.12874339808013	out0113
-135.30575373609346	3.943327438261136	107.44788372669537	367.76087175452284	368.468826098896	154.46575829972002	out0114
-103.99020686248733	1.688430874131313	216.5259631727659	313.2212794135953	285.05233549631436	162.04277719456675	out0115
-104.24092933121212	2.512744396913384	22.369352174441506	294.52675742087155	278.3326978120634	152.86663846095206	out0116
-97.8966997001677	2.1006698763574803	12.292869278405705	274.72579253302416	249.28743969274188	153.14650579940172	out0117
-97.91227167472987	3.3192692310029352	28.687376631162657	256.4314404186275	219.43493797007156	149.96364336083255	out0118
-93.14027861012711	5.024020770000793	83.03110202517927	223.69111167592865	195.61410736623478	128.94303430498616	out0119
-78.54421350743259	5.483074425258121	98.39478944930188	193.6471409372114	173.89728467964179	114.92201020187787	out0120
-55.005077943722185	12.542819488479182	70.45694665076127	193.07899164494629	163.4075148356535	111.25283350031329	out0121
-14.390713395619938	11.458371383688757	110.40684526538766	169.30687724061892	137.42061958538156	128.88503270560497	out0122
-8.42001318975719	11.301432967839295	56.55893196606453	171.9125973023889	154.133281833548	113.1475940082745	out0123
13.547944880930622	8.095738189843878	86.32455225737955	158.26998796446873	135.96203737729192	123.43985908033274	out0124
48.70503221187615	1.5855952267804891	130.24954073947143	134.97610907289965	85.73134181098447	142.13768762405834	out0125
54.77305948055647	1.5316651186383738	118.40473261389545	135.28743554846287	89.93613677567099	139.44316845308322	out0126
59.36597582930598	1.5423101995171684	101.6507513387845	138.58559563435423	94.11307149604605	134.22971165469758	out0127
39.93291527060389	-0.7914909612249637	61.39459556856021	148.0751291359695	117.22654450524504	125.02769533298519	out0128
53.46542407275114	-0.12865641482736836	60.013227646071954	143.70486626046699	109.41392021717408	126.0403391519276	out0129
52.115441518387996	-1.571725078120478	43.20585572631317	146.26796515439713	110.62914062010474	125.58468940690547	out0130
58.470142560476134	-1.5346531651190578	41.191961466345546	146.53945522000987	103.73997683022043	125.53626846855482	out0131
61.943554890872235	-2.6904703576816997	34.29250343176594	146.4132972552419	99.03519754668471	126.23215233717853	out0132
66.05782552357626	-2.7752635607273595	30.427386842076707	146.41565015783294	95.88138790835421	126.27476066445632	out0133
68.25244298623032	-2.3682114146336035	23.430408926429276	144.98737518457855	94.23970917333504	126.06396978035461	out0134
70.12746073161195	-4.371911293770698	16.359094334604336	142.69195807957425	93.44723821020409	125.72897253150657	out0135
70.39675462826656	-4.384093428272874	17.731488080815033	142.97529015199686	90.90327588105819	124.63332307034233	out0136
69.74777913212493	-3.685460061389028	18.60085249904078	142.9057907212862	89.38973732111259	123.61896874412422	out0137
65.90663801256878	-2.7510539845693476	17.683870074581392	141.52114157422548	89.25436640105661	121.56293387807224	out0138
64.36265186843627	-1.1513841363204504	17.5245722417008	140.59719661262955	88.19846063066473	120.39202669330143	out0139
61.560710838621794	-0.3152759596350768	14.805424432939398	139.12454737007565	88.0935770469381	119.3354184056233	out0140
59.069122487948185	1.5611142466293315	11.936103653819229	136.18643109200983	88.8275624070006	118.43234623076107	out0141
56.767499876799356	2.9596061943631695	10.570841816487926	134.9472932039664	88.69634774653834	117.0676142940464	out0142
55.29662079535735	3.2636156537630256	10.594605739641962	133.18651876819834	88.20483209454954	116.71973393389227	out0143
53.31164983084691	4.084202437713278	9.679873272309937	131.01299724675874	88.62175696031008	115.38959165593154	out0144
52.00767752949091	4.2911971596191	8.12291327245049	129.39796381452612	88.09111118758172	113.12435514417206	out0145
51.03970757128933	4.004273422575922	5.941493782935926	128.43394241703203	87.83872897386453	110.64530407100271	out0146
49.041603578748884	3.7676679165919214	4.363365408882666	127.29217741412745	87.63792070795249	108.22520520478407	out0147
47.039628685122885	3.6617312899390977	2.1951272093528225	125.87771441696647	86.92252063866245	106.89737330400412	out0148
44.38032624352664	3.194173298603858	-0.2827344909799097	124.51052102086692	87.16517953188445	105.71730140697647	out0149
42.64368609077353	2.9676538583097765	-1.09914275741124	123.20971974322994	86.96850497504253	103.91382718949113	out0150
39.74241193803785	3.1330732149271503	-1.4463637171437118	120.98820374456031	87.61266648506772	104.42785593993338	out0151
38.80501836853827	2.2542720950372317	-1.8233198278932814	119.90398269182927	87.2845160139856	104.42545376231752	out0152
38.82928372687742	1.8112041891064339	-2.023522068258883	119.36941937920395	86.3433554727444	103.11827310278012	out0153
36.72100605420047	2.1275714308023055	-2.52098175092101	117.39880137897525	85.82620740117585	103.36640894661656	out0154
35.3886739971405	1.872163466738626	-3.6019943838472637	116.95064602627482	85.61191235148152	102.3532381485633	out0155
34.273245612252595	1.6558898988529316	-4.026000539957558	115.99423992787302	85.35397418502718	101.89081971916801	out0156
32.179944201102494	1.2639878771635757	-4.387753296073964	114.39863546764452	85.24258710254927	100.63838996863568	out0157
31.399743386115198	1.2713024819329908	-5.116900536759983	114.32693752995506	84.38080622972956	99.79295011352711	out0158
31.174977458960882	1.4273479886361504	-5.698648366584756	113.15038198945145	83.66119230457895	99.14647083259973	out0159
30.875313205402254	0.9820026925859457	-6.115350727410406	112.55361655440653	83.17016136476192	98.61971324469681	out0160
30.23773589746483	0.5133462257683132	-6.529828307330337	111.47206572193865	82.77510735890354	98.01128120109067	out0161
29.780928888342036	0.8821451014392122	-7.036268602577082	109.88369097577606	82.74266900318221	96.98057602903617	out0162
29.51274107722258	1.3786647463457649	-7.230644414981655	108.63795143601601	82.76625144860596	95.89061074627759	out0163
28.933828451637336	1.8065465863480519	-7.503209499231463	107.92355381070297	82.57376982009112	95.3313062773104	out0164
27.954247590634786	2.2042452699558344	-7.860964820678849	107.24824585526812	81.97618054913804	94.80869490356505	out0165
26.26304984652698	2.5682917375347794	-7.86779988786896	106.76833539377434	81.92014885862262	94.60535699483367	out0166
24.973482816071215	2.1963305732126504	-7.662558344582904	105.57815073869911	81.15924741775159	95.02914556539046	out0167
23.69578756061557	1.907728039972121	-7.415271985540307	104.35414033456773	81.51483278595296	95.90585849495805	out0168
23.476459794072788	2.3698291324520793	-6.615549372704458	103.68137367110843	80.86039586681073	95.44100766302465	out0169
23.429030143432463	2.471177560752092	-6.337192439926636	102.83410517588547	79.770109588428	95.23958907749152	out0170
23.66408779479294	2.8960996420681693	-5.805701083193452	102.75966470529373	79.14146639159935	94.86702422219838	out0171
23.28127731267404	2.843361517052382	-5.758070727889919	102.25119307883249	78.43377795036103	94.25224628163103	out0172
22.85970187835385	2.04632319388656	-5.848390910510959	101.37388314559973	78.30466278077179	94.2770781970153	out0173
22.48313907157374	1.4115069817908967	-5.39064529264638	100.4234355790402	77.86308866155383	93.6684603009936	out0174
22.330703284678567	0.7252080312246647	-5.234812049710543	100.23421016937252	77.37922477611545	92.78827214408236	out0175
21.280631305166143	0.29902238893196675	-5.0448881148988125	99.78977114129331	77.33762895283324	91.841722066141	out0176
20.867630990299272	0.1532076975090558	-4.990902959929964	98.84588136099866	77.21460257972191	91.49615465183699	out0177
20.421277826298105	-0.6659810847812373	-4.033794735254057	98.4388263298299	76.98016228212052	91.3984898387947	out0178
19.546659324337572	-0.9105801587865732	-3.7405153269653475	98.06055914892379	76.20294564873149	90.86576700494977	out0179
18.45676476790973	-1.0219486633810984	-3.5302462271254447	97.87393294096385	75.37431868219196	90.5790379003191	out0180
17.96065113769378	-0.47091046034786554	-3.4316024048023768	97.67704656692966	74.39762279413766	90.21519899160741	out0181
17.836919728624196	-0.3712851666142343	-3.6950036302037748	98.02219950931938	74.27293642244781	90.16159277642679	out0182
18.158046729667934	-0.2514713455488978	-3.028478681784315	97.86431109800529	74.1721250641429	89.54922056861852	out0183
18.65160426812116	-0.07576575508797881	-2.796053638993545	97.50953669746202	74.70359703390044	89.70888238350442	out0184
18.675192176209467	0.11042364732010976	-2.676800209620112	97.09466659566054	74.67717692799519	89.41621124229601	out0185
18.898108887200777	0.19729409074937657	-2.6730704598472244	97.15285680006902	74.4574695961589	89.33572017034588	out0186
19.39050895087322	0.4952683618616857	-2.421117123682603	96.8067395519822	74.237385980218	88.98112121175775	out0187
19.073056660309625	0.516041691062847	-1.770234244369559	96.6509425224434	73.7157760798361	88.71845891433976	out0188
18.824494861991	0.3957009524869797	-0.7863902936583903	96.15218731695379	74.02938646757033	88.2696542965443	out0189
19.23912761481475	0.48465600061137876	0.24864943231230527	96.01973959146217	74.17203051754669	87.53013205534201	out0190
19.32138191440686	0.3553677359541831	0.6711857256635091	96.28274583537137	74.09570630046156	87.47828785591969	out0191
19.717856851912746	0.061010409882073555	0.6779063803240216	94.84524122082439	73.74607168707831	87.38501090945257	out0192
20.310001503994116	-0.23152011170798964	0.9318888074954779	95.03288284865855	73.15614159553168	86.53933660819227	out0193
20.240489953228266	0.05141677347416453	1.2597633846950134	94.69710320873983	73.00089445781937	86.34939985114471	out0194
20.85540273978149	-0.2233927482574815	2.0932690152452924	94.96751401501938	72.83990660759926	85.8870319120445	out0195
21.344822843471317	-0.16370353312638625	2.3479679320064317	94.77361402276958	72.25519207965868	85.72035389855697	out0196
22.075910948825303	-0.40637211206825025	2.578303936975504	94.32214306783786	71.5493514376604	85.40705337259966	out0197
22.9618089355975	-0.5182454020772623	2.983628152184192	93.63875910451944	71.52549097954042	85.5250382399654	out0198
23.568857033909033	-0.2975993078091731	3.399197335540008	93.10455809517107	71.98952030807531	85.74629847042749	out0199
23.954684864713627	-0.41419600069605955	4.137824225426056	92.96151659482382	71.63236778229742	85.50577636359978	out0200
24.31891359097382	-0.6200598960287758	4.982161555540557	92.69147081258865	70.94756125805465	85.1180217849322	out0201
24.6394682203669	-0.7609371872188452	4.981631929260264	92.34259953999843	70.72839962759456	85.1398038397629	out0202
25.41033172240422	-0.9578999996584618	4.9078799034173475	92.28938032676241	70.5656960009689	85.14342888652979	out0203
25.836075158946286	-1.0809991575950848	5.119093766614296	92.01997095095061	70.15062728372214	85.02188500844812	out0204
26.195916398977204	-0.9028169813468193	5.19777042176042	91.97071234219908	69.57013953483671	84.86467974102135	out0205
26.451152615549216	-0.5146121306772922	5.343640806054987	92.09823426243038	68.96078216958797	85.16239401920726	out0206
26.622669217947003	-0.15602913569533441	5.373665902738149	91.74777418337752	69.0812629979181	85.31663706526047	out0207
27.15079359174664	-0.047395616913928955	5.747522020521583	91.23143858811427	68.59781897244336	84.15215596894646	out0208
27.663045447517586	-0.07441753101166433	6.057157000022155	91.09299371426032	67.85459530942782	83.65067693480734	out0209
28.646096006054712	0.0722752550251332	6.322659177057274	91.08198962059723	67.91976715536059	83.22849996317079	out0210
29.30996123827926	0.08515900123603046	6.176062366073828	91.09632272775721	67.88182573646829	82.52216157744672	out0211
29.744569295923707	0.12200756855500006	6.643941835174423	90.96694719971023	67.84421922680569	81.8831581882619	out0212
29.40146586467237	0.4878662399083072	6.921223538827529	90.49596173308548	67.73028552380269	81.60066024293286	out0213
28.9678966791378	0.41095100310710475	7.352503584280199	90.16055495991397	67.39575538726866	81.22682014293535	out0214
28.561334546904394	-0.03505178695779721	8.007804223787701	89.9738725140818	67.15178926469291	81.1308806017967	out0215
28.26993090487722	-0.3747869405317664	7.923910325371301	89.72482169321096	67.11400527317564	80.8638632174802	out0216
28.23517434053511	-0.41856948853506304	7.925350611143824	89.38289104568396	67.0038362286717	81.03978809184781	out0217
28.201978382945352	-0.11900560579082858	7.413384792231657	88.91055647112711	66.55158988000414	80.9011561212242	out0218
27.88479022919971	0.22614192564830438	7.006855941026235	88.43870365198192	66.56806415055394	80.64180798501168	out0219
27.809998690196103	0.11318672695249044	6.832038669255566	88.36888715733745	66.1867432332148	80.61344316391131	out0220
27.49761583162173	0.30393362139148034	6.873884676019723	88.0896131972219	66.26777848998377	80.34995057037	out0221
27.047165583845725	0.443278816715252	6.688706719828992	88.01174227881681	66.07484363052824	80.54429595844768	out0222
27.116174191990677	0.31672139132193317	6.766503807647303	87.76526951591934	65.91513720373293	80.6923302738918	out0223
27.29928093341526	-0.22698125065766078	7.202849640184059	87.33521419623501	65.76478137093113	80.71827990250006	out0224
27.438877368580982	-0.7703653671482927	7.290105586929854	86.83629225494968	65.42973735068583	80.61847229109651	out0225
27.242407347166736	-1.2692046207347476	7.374106833409433	86.5137242533704	65.30089166154627	80.5603220246714	out0226
27.248080364030955	-1.6741947756370605	7.511919818335096	86.39559032960544	65.00593681220863	80.23013678630073	out0227
26.668671652892805	-1.4397704150754926	7.724475078181784	85.83336719700114	64.80912738055646	80.03394689766154	out0228
26.094607044139078	-1.1281333943333383	7.827464499388567	85.61712745130072	64.79988533373908	79.69844594608222	out0229
25.41702179861074	-0.7606256511484567	7.5667163294137065	85.18872550207787	65.18191470543287	79.93335316945746	out0230
24.682251194567897	-0.3920234607837966	7.4436567351908725	85.23244306160932	64.95527685523567	79.85155403652985	out0231
24.007848565631093	-0.18108244210875268	7.359660313777042	84.84753540776437	64.88943737926827	79.71576439476219	out0232
23.29916970810821	0.07519696542200444	6.939298422429257	84.45984282450904	64.47683391970818	79.15675269547711	out0233
22.974201740633113	0.3032133488564258	6.930747551132281	84.34621758586971	64.00209817646461	79.04917148293256	out0234
22.775319859500357	0.5503991418014363	6.93880519310081	84.31317872553088	63.717377066005355	78.99582507626589	out0235
22.61529116543413	0.5339367333867957	7.029929383955265	83.85879773586697	63.409618226820655	78.95380680687849	out0236
22.431487545784247	0.6665977576962541	7.330473528341997	83.43994193854684	63.03024001380366	78.75221554391197	out0237
22.45422509204828	0.6582528268807136	7.257843159409427	83.38163827229016	62.93206115730325	78.55739272681487	out0238
22.434324714269195	0.6734141033443	7.014343722945036	83.03095098605463	63.27821410286131	78.23245399164509	out0239
22.39501101688177	0.6574358416272217	6.6682864112823825	82.5424467757732	63.315337579755194	78.37737663690635	out0240
22.36772343163642	0.6335570234051333	6.631783205246652	81.90192445823156	63.20399745162655	78.34052187713569	out0241
22.47252197275942	0.7226976477509608	6.576286059131669	81.32519335971251	62.882361363166616	77.78434470317609	out0242
22.278485123668787	0.8197246167741483	6.179332778023651	80.57128352321708	62.79283869844793	77.59955483462271	out0243
22.162103519867316	0.6579098921529847	5.782967263104721	79.94405987534881	62.61048387925434	77.31994014272334	out0244
21.826411505132636	0.5566087716419625	5.716453255447756	79.19460633136033	62.29031806411972	77.0116438590407	out0245
21.587015693222614	0.5122392592957437	5.838778534100421	78.73173665224117	62.061891010038345	76.68314819960442	out0246
21.26007841245923	0.5414335133151034	5.994473630865137	78.43988915566544	61.773117819273025	76.46380718984469	out0247
21.075966622692665	0.5821409860617259	6.107667538155727	78.07388520481818	61.68520734828377	76.10806729844023	out0248
20.85291886122152	0.6530462171291341	5.991330968726048	77.76656291023706	61.569083542350114	75.82025586476448	out0249
21.0044795189727	0.6893533579781105	5.632926705085392	77.55272676582112	61.37022162340973	75.4506816465711	out0250
20.832614053961517	0.6714509339840143	5.238453990783195	77.22915083801604	61.5575888698621	75.18266546079712	out0251
20.771760637913577	0.8625413103249456	5.04556681169824	76.7141805140795	61.591939400491995	74.69085564803189	out0252
20.777725821053345	1.166028404500115	4.728998885551884	76.51334114079694	61.47702565791124	74.36177818154539	out0253
19.077888922776022	1.438169170034609	5.284098018211579	73.65307951538901	59.24317847020102	71.83181020420692	out0254
8.285795249686906	2.784896577705494	1.0118759040834984	41.48546563273026	30.439032065575265	35.65243634850848	out0867
8.510585592932	1.4908834803202757	-0.25009047768978787	37.681824928819964	28.261945834450245	34.42132743961236	out1000
8.495200823264513	1.4803708401468691	-0.2269572312788654	37.647863312936344	28.2535241988412	34.413039803443176	out1001
8.47625966232728	1.4623612813148705	-0.21295728439449949	37.59024306528227	28.235422019969537	34.36274328887195	out1002
8.430800372260126	1.4658562527579093	-0.18782365886426325	37.58304225440975	28.221483991146485	34.381837369600994	out1003
8.406338146675413	1.4647597191849977	-0.17657177782213962	37.58707526688578	28.209992074490685	34.29462740204957	out1004
8.357205929564621	1.4784603250760426	-0.1615157273763677	37.59922923074622	28.17867225201353	34.2361064578028	out1005
8.318088649242126	1.495323226735446	-0.17818552981816083	37.62616468745408	28.146378800707414	34.18378956065673	out1006
8.28828653785494	1.5228938521918451	-0.1600855800481583	37.61971683297694	28.10089979001993	34.161569909427634	out1007
8.25737015126135	1.5718347447517327	-0.16531598150332788	37.68012892694452	28.070908675450294	34.15536293368867	out1008
8.19670124406572	1.6004836378821734	-0.1844518210426123	37.613436029579965	28.072917552516632	34.165228886308185	out1009
8.185591299797444	1.6067721862081905	-0.15572552468830117	37.58215804854955	28.04201775565771	34.09340643500585	out1010
8.128952319681693	1.6302474034890837	-0.1396354161729331	37.583523875747055	27.89404521418863	34.03162435901552	out1011
8.08301175196257	1.6529755122031637	-0.12234351253307796	37.474990822556904	27.82612065486878	33.93480999601296	out1012
8.046349113482304	1.672039273019499	-0.09797006734668987	37.470067266382024	27.76865798534138	33.93929539509857	out1013
7.992696890983773	1.677581920725316	-0.08330871501065672	37.412915519781635	27.706904587086033	33.879458411837106	out1014
7.945292841587226	1.7002595869314208	-0.06939963665603892	37.36380443473761	27.61273800011562	33.83102666632182	out1015
7.813455779721923	1.702739358963602	-0.037446985829617585	37.230423983739904	27.5548363632926	33.83924230922596	out1016
7.747499213914126	1.6985066167719955	-0.02056191190174621	37.179618822637686	27.491441627629207	33.82137367914674	out1017
7.729904935654577	1.7060555342924615	0.008641061722339891	37.150275894649276	27.444463967152625	33.78139569083018	out1018
7.704698165694318	1.715499354631727	0.03652463795312173	37.13691627853894	27.37829141908738	33.762039316244795	out1019
7.6787787064944455	1.7331395854338272	0.04758900809689689	37.08999509476744	27.33893924433116	33.72589375793509	out1020
7.653684440423623	1.7364835980342148	0.06375696088230398	37.09749744495836	27.334960234027477	33.71578071441481	out1021
7.605542736399895	1.7471407866124016	0.10817779518173462	37.04970624241159	27.29824189578232	33.679272673539586	out1022
7.560646976356113	1.733432256715147	0.1465628008390909	37.007244147112	27.285673874063495	33.654658182398585	out1023
7.498844735369066	1.7344800944507526	0.16685097869928234	36.96467484671472	27.254278494784383	33.62944923125491	out1024
7.477304989654032	1.7475046975143673	0.18381890403171805	36.97559932670096	27.26567748213136	33.59103657017968	out1025
7.417380607055519	1.7476097904576444	0.2036459631380352	36.975435039656716	27.201482345775485	33.539457943719306	out1026
7.360632683838728	1.7665065531849884	0.24237872457122775	36.95809052650778	27.148030709695586	33.48734040603689	out1027
7.320624886012259	1.7763244505549083	0.2756875995371295	36.97887451097348	27.077439714124896	33.4256836650623	out1028
7.279324976158413	1.8000901579020374	0.3012806662939026	37.02472202659626	27.04178010749658	33.382617965178035	out1029
7.223911547955339	1.8365585247113865	0.3600310336608038	36.98789780434048	26.96864803332123	33.320671527863176	out1030
7.14493394709984	1.8867740809743843	0.38439273567308696	36.96222361547629	26.882751107395357	33.29239755714134	out1031
7.107040270542364	1.9057268416109494	0.44536788347771483	36.9699635347151	26.848091097045064	33.27540061660653	out1032
7.04671410175455	1.9191153890674642	0.4878588038878268	36.93498024397639	26.794520352645407	33.2295524369714	out1033
7.013881483314509	1.9723212155206753	0.512371229795998	36.958183858582636	26.731731557410182	33.21252940416972	out1034
6.8973054551181985	1.9933090818276566	0.5524806659572057	36.925367479007946	26.68710609673885	33.29768661420659	out1035
6.825254176173216	2.0042831852413014	0.5874747062019027	36.865938492251104	26.622634944370752	33.249672095487334	out1036
6.794613454288551	2.0253065172054856	0.6422736701975116	36.87192498292374	26.56611698823004	33.134046114843905	out1037
6.811538400114522	2.0204628575220687	0.6717972382353126	36.92927108923629	26.553098346969602	33.09326262881546	out1038
6.802027396100505	2.063902159329594	0.7096566273047086	36.957105417272956	26.51918057577505	33.13777058492402	out1039
6.777631341611304	2.0692851959193326	0.7349933285027493	36.95597469534586	26.54546553181479	33.14092454410732	out1040
6.757264774514213	2.087969262639806	0.7788644236202146	36.931888979174225	26.54452226071936	33.1539117162936	out1041
6.735318666548633	2.0617785825044836	0.7962817184210865	36.88542521341098	26.544818986849222	33.12900140643111	out1042
6.721342292935035	2.0101362726901932	0.786967330051032	36.84979308136288	26.512914346888493	33.06297819811102	out1043
6.702245431810954	1.980561436320491	0.7940304914759809	36.78505109406564	26.47528494808422	33.04738724679126	out1044
6.707822297226012	1.9727762726400375	0.77527377244338	36.68911209816973	26.483819004835617	33.015135860122626	out1045
6.677425914865856	1.9547198508545647	0.7936584131242552	36.60573487944493	26.502792057028785	33.01096158257916	out1046
6.695735799576514	1.925632355472637	0.8071362278758193	36.50820331837362	26.529686940669436	32.97513545506197	out1047
6.729298520017316	1.9090050002583312	0.8283992672894377	36.50869122128295	26.536245848800338	32.974378091029536	out1048
6.807087626891764	1.9289606463427844	0.8378472833395629	36.52890921554144	26.522265508564793	32.81741315811595	out1049
6.820839721524366	1.945408752976117	0.841305036321164	36.513123008008776	26.50831575439864	32.76811705613747	out1050
6.829591282358567	1.933428586940249	0.8530632179677666	36.504716445484895	26.513043764074848	32.74659343267417	out1051
6.852955770207767	1.929530846227508	0.8883960352160039	36.48642548590522	26.535929887568624	32.724758248866856	out1052
6.872958806668093	1.9254390333451	0.890076530125343	36.48137589547928	26.546856562517906	32.62065945027187	out1053
6.897562368473265	1.9107783130642721	0.9111912319726568	36.4113777160313	26.58818848550093	32.575716087372875	out1054
6.904660688813824	1.9207665468660045	0.9364991423331365	36.36980749344336	26.58966924913469	32.457500806148055	out1055
6.901358547822907	1.9005914582996901	0.9477265403668804	36.3625911744299	26.632305359259167	32.478436878872664	out1056
6.881813063213176	1.869424870028952	0.9284987344429966	36.3320876115084	26.620277833840838	32.4016765534346	out1057
6.87628203288639	1.8719973834554005	0.9232136332085495	36.318900604424904	26.61055026787838	32.338731869519	out1058
6.872796301899705	1.857798022204609	0.9064975978189959	36.23619213280016	26.560141022198714	32.24853585237967	out1059
6.88052650894078	1.8622833799768708	0.8809212630498443	36.20725554228274	26.469844509384433	32.14654245307078	out1060
6.856775992735045	1.84984151199671	0.8660378177491226	36.18162945770386	26.453940211490355	32.10305909019338	out1061
6.8357966694634715	1.7995544470383675	0.8579133154792719	36.12094624555384	26.429157156868133	32.07318657036555	out1062
6.829754328949766	1.7842702543072322	0.8569731155847347	36.079168475808295	26.40792412033541	31.966874085652986	out1063
6.813056687051645	1.7701483421796147	0.8882338721488102	36.03159030378312	26.394353748664173	31.911758558385838	out1064
6.801139649092692	1.784130841149851	0.905391016431905	35.97016901650087	26.365236481806146	31.878212287211426	out1065
6.789779558520454	1.7844809685748881	0.9217785049872973	35.9127482082228	26.32671213495179	31.854570791196164	out1066
6.783376356294025	1.7984931410779184	0.950697405956392	35.88437214099875	26.31496530214268	31.85864240739466	out1067
6.764723979302701	1.8138662068303348	0.967992316984618	35.83271025551059	26.25851729462875	31.818467765622426	out1068
6.737720630433826	1.8427537148421624	0.9776960983982228	35.79223394446424	26.249786047971384	31.79770717691195	out1069
6.706930967134566	1.864468561477389	1.000784051488376	35.78431973024817	26.237539070816286	31.69933066674482	out1070
6.6790948589197665	1.8870945671637285	1.0163175067867936	35.748402716504884	26.242753611163575	31.596594052785825	out1071
6.65327419051129	1.9108636194335025	1.0364152655936558	35.77001959675492	26.218042060622352	31.532274435418934	out1072
6.585065852810227	1.9119136041578288	1.0482112724484076	35.67959792671455	26.195741336094336	31.47910224610892	out1073
6.540128383320162	1.9124069435777677	1.0349755058164116	35.668199298904284	26.12952812126816	31.37871447182526	out1074
6.47929718098781	1.8796470484757009	1.0444284190295516	35.61917057174644	26.12409492704666	31.416691730206	out1075
6.50080146462884	1.8834506995169955	1.0614801155509086	35.57111844658008	26.129626955574427	31.366647856329674	out1076
6.485720388312872	1.9082801141672472	1.0825348423198493	35.51575210842595	26.114399317813714	31.29646994709073	out1077
6.46737873647047	1.9311491968426904	1.097717315743374	35.46457716195787	26.08384617498	31.246192001315137	out1078
6.465038224263369	1.9407295573341268	1.1299999269369783	35.36362854056557	26.113334116490947	31.175482830393825	out1079
6.475089142296521	1.9482943578229845	1.151560009846976	35.30439987645258	26.12634676051603	31.1502070630094	out1080
6.457198318570407	1.9713709774115533	1.18591979830593	35.236205955226374	26.09979656212712	31.089136933835515	out1081
6.493076550638254	1.973711488017771	1.2333966811042871	35.238251086428924	26.078303071092115	31.066291578978415	out1082
6.453120852719678	1.9703455603248587	1.2722292328147933	35.08446539000719	26.038318382584542	31.00853009223129	out1083
6.452358916814767	1.9571385817772737	1.2972065337038643	35.012434201603	26.078418164723164	30.972500656725252	out1084
6.433845830439457	1.960817983987357	1.314465814464893	34.93084622855992	26.029384199268286	30.892117870021117	out1085
6.42783333714272	1.9561622921014443	1.3008467394261551	34.877865504011105	25.96579736067596	30.81024658827436	out1086
6.4347203758536216	1.9411411741569997	1.305002510743297	34.844934486035804	25.916284433448027	30.800638424138178	out1087
6.4347203758536216	1.9411411741569997	1.305002510743297	34.844934486035804	25.916284433448027	30.800638424138178	out1087
6.4404922921634125	1.9279851011865279	1.2878946612967226	34.8037545766588	25.923361271921536	30.745149529794034	out1088
6.413765454156621	1.9115649176115501	1.2849905959735284	34.78298042722145	25.936037646669096	30.72675702829116	out1089
6.395529684172492	1.893465335885424	1.285588669136688	34.729757655512344	25.939882722907836	30.664707423205552	out1090
6.3669981664605215	1.8980430225867428	1.2626911875324918	34.65021105206826	25.95377765387414	30.618738741593578	out1091
6.3543483248270585	1.88646432102707	1.2561021006108792	34.625227926478104	25.982848220735068	30.581373874019544	out1092
6.351190632491311	1.8783352354122738	1.2397777077225622	34.5785886231882	25.956833652725834	30.530770284469952	out1093
6.347362297191886	1.8774151703545174	1.2190467789829016	34.48516037655988	25.864421290090615	30.460493258893877	out1094
6.34862338257784	1.8772799011464427	1.1893565065074145	34.426982016381615	25.828801625458	30.403971708964555	out1095
6.33588131412138	1.858678776400284	1.1654238097550191	34.39025670652184	25.787068049376145	30.35123368077931	out1096
6.339659226816803	1.859899366384762	1.144110385462526	34.347553295152316	25.72590845169679	30.272380090463063	out1097
6.380037501141431	1.8233196088375612	1.1529202886147618	34.37423227141712	25.698383291099947	30.19132476845656	out1098
6.353886476420238	1.8035404033244382	1.1591491547590589	34.340507901253716	25.668679125552345	30.136117938818316	out1099
6.331586202184482	1.7849305516264964	1.184502819039615	34.360342024958086	25.67366606631466	30.130135450231514	out1100
6.296194049443215	1.7705090672943824	1.200198974246498	34.40048368858795	25.69226718536226	30.11227282171204	out1101
6.279898530768291	1.7561077562562548	1.2027545814135534	34.37836915719466	25.70191769744616	30.05083021970692	out1102
6.245345432312535	1.7322625049512974	1.2024189581990385	34.3857636466439	25.731086537739657	30.00195542929927	out1103
6.281323222999187	1.7957006591631512	1.2046962731449626	34.40554614564291	25.709345424698316	29.846595941509374	out1104
6.23128669509736	1.7848584036937831	1.1922334699169124	34.370494516568186	25.69634469941425	29.80955453609328	out1105
6.177107660277372	1.775517593697417	1.1864482467537438	34.312836700552154	25.676358345220613	29.756942595361473	out1106
6.140866180319951	1.760094564466279	1.186715601591849	34.291109520273324	25.637936603714937	29.69525654947139	out1107
6.089024901530226	1.731108477865804	1.1884886037146618	34.24737511864273	25.655123041803385	29.626910582841933	out1108
6.0592734165698685	1.7255453009740809	1.1749399769893414	34.22741682543538	25.601130865969907	29.587606582876578	out1109
6.018564735398867	1.7257305349495937	1.1430893557732922	34.211102896902695	25.581681515685943	29.56783423365809	out1110
5.968817355561272	1.710813603135324	1.1051938980598346	34.197488559799446	25.5767810335273	29.560832073048797	out1111
5.918711201804062	1.7241517339410757	1.0677987291866406	34.0819869572086	25.51655430850257	29.52042546060875	out1112
5.828343326648675	1.7423763576696656	1.045468252023209	33.99912025433347	25.52291934679149	29.496843261162766	out1113
5.795895439390036	1.7510672256290465	1.0430634624660715	33.9715223315269	25.488319626722326	29.513695833264357	out1114
5.745827926647632	1.7526893807886492	1.0269832029089496	33.91929569924902	25.452392944493543	29.529603148679218	out1115
5.728571304637172	1.7682418553039592	1.0101366329923223	33.934970345524434	25.42094855341574	29.508018721737702	out1116
5.687136800045167	1.8017006673826854	1.0055026038395	33.902368566401904	25.37768182459121	29.49620393448284	out1117
5.663180835360931	1.8320667251054443	0.9913028224977855	33.89907905118655	25.308922773567367	29.450443777253366	out1118
5.627716873483521	1.8698237176924892	0.9907896264305297	33.91284122033477	25.30513395348441	29.43015680414479	out1119
5.616540448086836	1.8915080688220858	1.0056309593257473	33.93453390356795	25.268702216531032	29.37404399246775	out1120
5.570926968659047	1.919119255361573	1.0155595060375906	33.9443691895122	25.206248378948324	29.33225852192687	out1121
5.543490050685178	1.967200361011061	1.0177376038041632	33.95587493100628	25.16345044570832	29.301795154795446	out1122
5.504366437485905	2.00661122598699	1.0416863330932191	33.95791338910481	25.12469104419012	29.22381809319359	out1123
5.452517373025161	2.0146372119623526	1.0523398699899942	33.90924452021069	25.10092381064215	29.14615358876624	out1124
5.3943251177032945	2.016930738936141	1.094741494448678	33.876393411373336	25.041766688718717	29.13355475965015	out1125
5.351697591782509	1.9957610914517097	1.1263162583711337	33.85080306727103	25.004209770016857	29.13600625605838	out1126
5.31768406473836	1.983314429532465	1.1476461570488783	33.84721467716727	24.987542055852213	29.145372935555468	out1127
5.279814986758686	1.966746573281572	1.1698569209710965	33.79152365882165	25.001191491149747	29.14246456749001	out1128
5.215413060816921	1.9501538333984967	1.1994845693226082	33.684183059028086	24.97340494516513	29.09818286518825	out1129
5.204614313072845	1.942427971967949	1.208069363394988	33.65972399057276	25.028339013031335	29.08350905700114	out1130
5.178949176118582	1.9451801887970803	1.2166941085074496	33.600348521773284	24.99643293761823	29.072633178899054	out1131
5.153164067389061	1.9499027050425362	1.2076376840830398	33.54783055826836	25.02932606669402	29.087152717905692	out1132
5.141320774561911	1.9428770994811495	1.2255081684270501	33.490105086331766	24.93146600964305	29.067699900598647	out1133
5.119642999981752	1.946971446001931	1.2295646719047653	33.42232440865389	24.833526582658628	29.03621697628184	out1134
5.13138684492875	1.939718476003145	1.2678597861204282	33.3457139607331	24.783638823614666	29.072356227899462	out1135
5.135927074314224	1.9510832289433502	1.2967959488858463	33.32927184796451	24.769706896466996	29.088221819479234	out1136
5.1239930641527875	1.9796332972396897	1.3108970296361653	33.256265674850106	24.729524666570597	29.053719731122715	out1137
5.114022451327628	1.999862386651981	1.3058229003143818	33.17336478595336	24.67045113950572	29.009340918790663	out1138
5.097383739288231	2.0260923107389757	1.3074931978128028	33.127201483653465	24.61042198073591	28.989452261258013	out1139
5.063417631538492	2.0262802355855247	1.2909818921405634	33.06896400912023	24.578876408036702	28.97281986197016	out1140
5.041920569569233	2.0351630754337875	1.2909175250514897	33.05798461571817	24.57995000917435	28.964019202399683	out1141
4.99886994618893	2.0359413764471626	1.2742349648944709	33.024687611767085	24.510444333698977	28.9607823191891	out1142
4.997001853543465	2.040779069448955	1.2555537731315298	33.01384431266327	24.531271725084952	28.99826752120044	out1143
4.971329309503371	2.047099560099031	1.2371469343692574	33.00267618867388	24.519324318284923	28.93932345327573	out1144
4.903917298374857	2.0265530556699054	1.234659991301746	32.910158949560184	24.47780852276718	28.957638500182085	out1145
4.8869616181421796	2.0076884605730987	1.231264574201971	32.85271228659134	24.439252256396177	28.943538394876697	out1146
4.869032623366043	1.9849890161602837	1.2278655462798858	32.8382938303628	24.462632441410605	28.935304838425363	out1147
4.855047342662706	1.9791245157979174	1.255643440155407	32.79061512212582	24.43057714247184	28.918083349915968	out1148
4.834837396130883	1.9720636742235615	1.2573566252059307	32.75232577307419	24.411303108979265	28.930587398336066	out1149
4.789347431236654	1.9747526529976875	1.2589004273090632	32.650294407216805	24.443727490550753	28.910625580636637	out1150
4.772707910108395	1.9755106478765452	1.2521446718123586	32.62308012136267	24.445178110225	28.885491817768692	out1151
4.728273609539211	1.967539128274623	1.2340488228093915	32.53941050473895	24.390427058895227	28.80497930313625	out1152
4.713936053326702	1.9537592429016	1.2336701293838885	32.53596826989582	24.384588510047987	28.827296742637895	out1153
4.701673586434724	1.9523753417118412	1.2347888490730086	32.51866323978116	24.3791255264227	28.804459243926967	out1154
4.698239211258299	1.9299551520003635	1.2225787520975557	32.4760298159934	24.353859514013852	28.811386237051394	out1155
4.767383963444149	1.994116209641842	1.2466243351210404	32.59296990491496	24.34099669536868	28.749084385556	out1156
4.751455367972125	1.9841961474799577	1.2564327266513116	32.591797550414114	24.37212614451022	28.719754057515217	out1157
4.703370618458325	1.9724449632724124	1.2642281590024527	32.5499599794181	24.347793994694946	28.689995511786833	out1158
4.672744749350963	1.982452770810987	1.2597805428779107	32.54852945753686	24.366423271629834	28.64772213553184	out1159
4.650693573405542	1.9782570653502347	1.232252629792422	32.557914444503076	24.37926457627723	28.608197741797316	out1160
4.610920969635364	1.9794449764916189	1.2111142691364365	32.57500616378515	24.394373135328763	28.57765292086158	out1161
4.5555266587837355	1.9894462639018713	1.2127835772198086	32.544248514473395	24.375146625683275	28.540311301880337	out1162
4.499007495056565	2.01050450664189	1.2001917254447962	32.52201654210828	24.328032350148696	28.488606985341743	out1163
4.4471682260142495	2.018888634121299	1.1716255683852963	32.55118599897558	24.323545113244766	28.410000813265135	out1164
4.404623865786968	2.031276383066645	1.1624823455047286	32.56665292274372	24.331886969070396	28.37559994822499	out1165
4.353550880592011	2.0288416953422357	1.1618852278190055	32.54690176759735	24.334154662998305	28.333061042877475	out1166
4.317854544330051	2.0575331826033945	1.1494119393826305	32.57129870309441	24.25498026973153	28.30396903527604	out1167
4.263217329734436	2.0745894466692842	1.1452870855622095	32.54529194236189	24.203075336792562	28.221347800118924	out1168
4.207643023987026	2.093455448696133	1.15022804453841	32.581257961319714	24.19351759670122	28.22153061401377	out1169
4.158078860609777	2.10632719753192	1.1258238677013075	32.614152329566785	24.22065262053367	28.16961056432717	out1170
4.085904357239447	2.123790116559958	1.1267417171140737	32.61371362876644	24.195389120929658	28.158976905365375	out1171
4.016391603539993	2.128503207142534	1.130430909474956	32.617611413629625	24.207976574683226	28.106776205346296	out1172
3.9610652089519793	2.156090595050846	1.1143780504044751	32.62226142335091	24.200530486808926	28.068360264219848	out1173
3.9105140019298394	2.1777200481309302	1.1028769832815957	32.6030394103536	24.16020353859216	28.05270192508729	out1174
3.8822001236945414	2.193238490380885	1.0990525667140993	32.611704068311894	24.143739694786365	28.03774530118846	out1175
3.8597679460822536	2.2222686989588816	1.073482562338924	32.593762227103774	24.1077647950511	28.06565197733811	out1176
3.8469724122207554	2.227746804244673	1.0696070713371968	32.61831507543054	24.041588535670837	28.043810713137795	out1177
3.86238882937342	2.243891407328109	1.0570504803522793	32.62584215439085	23.985383124431678	28.004939904752298	out1178
3.809876308595529	2.265043131646715	1.0440356269602655	32.63042782088479	23.971222385420408	27.963520397605066	out1179
3.7819015032844736	2.278426370376752	1.0231385609891208	32.64597737638318	23.95535695659537	27.982689514133718	out1180
3.748809297483309	2.2932616577745333	0.9904502113333955	32.652519667306635	23.93792538909764	27.988361488832766	out1181
3.727288758958416	2.321803884891183	0.9729608236623393	32.649228125688076	23.973325518569702	27.974300837614503	out1182
3.706383563536189	2.3309780707686967	0.9466873826006421	32.656318331421666	23.96964545393948	27.95000049545009	out1183
3.7032512096725143	2.3342216520528405	0.9478191512986186	32.70625845512613	24.005887796535454	27.995673512041705	out1184
3.6871759677801994	2.3338712964448685	0.9276150377444103	32.69968589748485	24.02730540680695	28.003770097415554	out1185
3.6841508973309773	2.348116865451118	0.9187582239521088	32.68701412094608	24.01389215768795	28.009513230419806	out1186
3.650780802884037	2.3426029306879435	0.9127045377748498	32.6378879157434	24.02092645756652	27.94692015228718	out1187
3.629700723089605	2.346896664152594	0.9147443008567024	32.5931863812322	24.01278731437137	27.928988408559146	out1188
3.637708397190535	2.3506123873410245	0.9191833801513961	32.60205736721932	23.99861022913786	28.01744450640819	out1189
3.6243080687031592	2.3619182731291177	0.9099901769909572	32.5748864598771	23.97940080896635	28.012104125912806	out1190
3.6026413888321906	2.3632336870733917	0.9050071463810636	32.5219856017423	23.91665879709833	28.017603926257138	out1191
3.6090419080512612	2.374096429563065	0.8713960363899736	32.49354054722133	23.88752363877941	28.002681894034836	out1192
3.6037682441729886	2.379347323187923	0.8527485868118257	32.49401159094933	23.86739556393686	27.99908404555698	out1193
3.618345163757869	2.3958348228052304	0.865651802007284	32.50891887354308	23.870023695416258	28.00022610995913	out1194
3.619060534404117	2.3914084277796914	0.8697205003269779	32.51061670817834	23.87912554429678	27.99624338556271	out1195
3.620363878565176	2.3926859598463714	0.884059053411498	32.48377396450458	23.86913235033778	27.97283138207467	out1196
3.603154569102412	2.4061318692886013	0.9044162152713378	32.4715121655374	23.828979203106847	27.889928424640434	out1197
3.568777456003049	2.408672880624415	0.9008455526535335	32.430664734022976	23.82316824061865	27.845547608274526	out1198
3.536457000459728	2.4143870790203	0.9001655426225386	32.430971395425374	23.852784511546695	27.8321873285848	out1199
3.501021567585301	2.4179499401675355	0.8887466460280686	32.43302721318791	23.888962661269876	27.782543717228943	out1200
3.457875114963786	2.414879609803125	0.8883856484148664	32.426236830467275	23.89829599524351	27.793047912960127	out1201
3.4249022714376727	2.4137802124434393	0.8782419162404346	32.43242987064793	23.925939366154232	27.75455049679749	out1202
3.394525211797399	2.4273233449043787	0.8885574067110598	32.44756789916212	23.917893272899615	27.751369936990024	out1203
3.36797557415329	2.440715358006296	0.8959469099373707	32.4777821135234	23.98560702301423	27.74445195165441	out1204
3.3377537954879943	2.427536140096669	0.9132658452662632	32.46784945385566	23.94530837734443	27.68379309558035	out1205
3.2835514625440774	2.404173638703008	0.8701934617755536	32.454441673149226	23.964474268597677	27.631029313584918	out1206
3.259269690483652	2.3843910942690916	0.8416121143028209	32.45759316535239	23.984850578529826	27.567361827051528	out1207
3.2560231539396085	2.366166442220237	0.8135927629697328	32.43807349552093	23.950407264277015	27.450398452116996	out1208
3.263706439447511	2.3442902441074427	0.7830328281794134	32.45203104644806	23.964076068334542	27.433110910894047	out1209
3.2397722119623182	2.3541858068699617	0.7648068952381046	32.41920141323818	23.921731275981394	27.375948107366806	out1210
3.244178352802754	2.3463997967795014	0.7311047257049693	32.451560719930484	23.9261200423573	27.371335075020525	out1211
3.226847108246749	2.3470572279167485	0.7103793726995821	32.46745522386535	23.93863445476703	27.37004468284952	out1212
3.2034644637535084	2.343979366744281	0.6720261043328623	32.446745543530454	23.885851679604514	27.382246153642672	out1213
3.2084725157151293	2.3338629119980006	0.6485107982200763	32.440935444282104	23.858829294224822	27.396425745796858	out1214
3.2016073638515765	2.3172226090127657	0.6290359189882698	32.46467831886062	23.92133203895389	27.44871145453824	out1215
3.192643234131558	2.316011791184882	0.6139444633981088	32.43438074408952	23.90372861532447	27.400446001906857	out1216
3.1676725818612814	2.325436960900847	0.5978426999597382	32.40576112578621	23.917037956341577	27.355007469592408	out1217
3.150156933983563	2.3445086889274096	0.6059526197817546	32.39404069546418	23.913903255411448	27.386158233890487	out1218
3.1338846577153077	2.2958753954605253	0.5557501507354724	32.36391177030211	23.835498320107106	27.40672287281954	out1219
3.0993941250012393	2.286535357357568	0.5404296005428304	32.29802376825448	23.771856681608394	27.32976113693904	out1220
3.090162884103588	2.2790300615324632	0.5401979542859774	32.26538331999593	23.813059064640193	27.33601833197043	out1221
